This file contains the additional smearing matrices for the three 
measurements of the muon-neutrino charged-current inclusive cross
section.

#numu CC inclusive total cross section per nucleon as a function
of neutrino energy (10 bins)
7.7193e-01	1.6067e-01	2.5056e-03	-2.3549e-02	-1.3922e-02	5.3099e-03	1.3827e-02	1.3296e-02	1.8587e-03	-1.3563e-02	
5.1029e-01	4.6149e-01	1.4382e-01	4.8657e-02	3.5189e-03	-1.2790e-02	-1.7596e-02	-1.1689e-02	2.0003e-03	1.7811e-02	
-1.2146e-03	4.8313e-01	3.0137e-01	2.0307e-01	6.7876e-02	-1.5387e-02	-3.1367e-02	-1.2405e-02	2.0622e-02	1.2695e-02	
-1.7011e-01	2.7494e-01	2.9489e-01	2.8457e-01	1.7260e-01	7.1278e-02	2.3583e-02	8.9150e-03	8.9130e-03	-1.0599e-02	
-1.7679e-02	2.0195e-02	1.3275e-01	2.4059e-01	2.7945e-01	2.3071e-01	1.3165e-01	3.7466e-02	-3.1675e-02	-1.6003e-02	
2.3539e-01	-2.0050e-01	-4.3079e-02	1.4648e-01	3.1638e-01	3.4103e-01	2.2967e-01	8.3719e-02	-2.9863e-02	-4.6007e-03	
3.1528e-01	-3.0813e-01	-9.6519e-02	9.7406e-02	2.6085e-01	3.1883e-01	2.6662e-01	1.4968e-01	6.0373e-02	2.0519e-02	
3.5910e-02	-1.9540e-01	-1.6254e-02	8.9789e-02	1.4139e-01	1.9417e-01	2.3585e-01	2.0440e-01	2.0473e-01	8.0439e-02	
-5.7337e-01	1.6898e-01	1.1104e-01	6.8466e-02	1.7723e-02	6.5351e-02	1.7545e-01	2.1619e-01	3.2397e-01	1.9194e-01	
-1.3322e+00	6.7134e-01	2.0346e-01	1.2604e-02	-5.8662e-02	1.5727e-02	1.5674e-01	2.1775e-01	4.1066e-01	3.5801e-01 


#numu CC inclusive differential cross section per nucleon as a
function of muon energy (11 bins)
4.5874e-01	3.7946e-01	4.8896e-02	-5.3582e-03	1.2031e-02	1.0396e-02	1.2533e-02	-6.7483e-02	-9.7748e-02	-1.6854e-01	7.0822e-01	
2.9069e-01	4.6840e-01	2.5527e-01	6.1158e-02	3.9142e-02	-2.4195e-02	-2.8704e-02	-8.2488e-02	-2.0524e-02	2.7702e-02	1.8245e-01	
5.6052e-02	1.8503e-01	5.0584e-01	3.1641e-01	1.9498e-02	-7.7589e-02	-2.2774e-02	-1.2244e-02	6.0357e-02	1.6835e-01	-4.2144e-01	
-1.3174e-02	3.5821e-03	2.9557e-01	5.1967e-01	8.0335e-02	3.9906e-02	8.1090e-02	4.8683e-02	4.3362e-03	-8.6207e-02	-9.0164e-03	
-3.4463e-02	3.5079e-02	5.9595e-02	1.7351e-01	3.7764e-01	3.0992e-01	1.5030e-01	-8.7295e-03	-5.8947e-02	-1.2272e-01	2.1277e-01	
-5.5462e-03	3.9465e-02	-1.0851e-01	3.8886e-02	3.4578e-01	4.1601e-01	2.4141e-01	8.4502e-02	-4.7505e-02	-1.1521e-01	2.3805e-01	
-2.6535e-03	-1.5678e-02	-1.0752e-01	1.0577e-01	1.1679e-01	2.6161e-01	3.0000e-01	2.4549e-01	1.0424e-01	-5.0458e-02	9.7259e-02	
-5.6911e-02	-4.3693e-02	1.5268e-02	1.2599e-01	-5.7240e-02	7.0256e-02	2.3542e-01	3.0318e-01	2.4417e-01	1.9188e-01	-3.3301e-02	
-1.0375e-01	-1.8279e-02	1.1643e-01	2.7686e-02	-6.2359e-02	-2.4925e-02	1.0208e-01	2.0058e-01	2.6244e-01	4.3141e-01	2.5337e-01	
-5.5883e-02	3.7308e-03	7.8151e-02	-3.4466e-02	-1.3313e-02	-9.0612e-03	-1.0159e-03	5.1781e-02	1.2371e-01	3.9977e-01	9.4239e-01	
1.3760e-02	1.8101e-03	-1.7302e-02	2.0142e-03	2.4902e-03	3.2833e-03	-5.4134e-03	-6.2561e-03	8.4081e-03	7.0901e-02	8.2482e-01

#numu CC inclusive differential cross section per nucleon as a
function of energy transfer to argon nucleus (8 bins)
4.8434e-01	3.4442e-01	1.5875e-01	6.3569e-02	-2.0985e-02	-1.6404e-01	-5.6073e-01	1.3663e+00	
3.0227e-01	4.2162e-01	2.6100e-01	5.8924e-02	-3.0814e-03	-6.9907e-02	-1.5024e-01	3.3786e-01	
1.5580e-01	2.8756e-01	3.3631e-01	1.6363e-01	1.4525e-01	1.3693e-01	2.7400e-01	-9.8001e-01	
8.5368e-02	2.4275e-02	1.9662e-01	2.4879e-01	3.1919e-01	3.2870e-01	3.6719e-01	-1.2812e+00	
2.3764e-02	-6.5579e-02	7.7656e-02	2.0249e-01	3.1287e-01	3.6087e-01	4.6930e-01	-8.5754e-01	
-2.3968e-02	-4.0283e-02	3.5597e-02	9.2448e-02	1.7548e-01	2.5765e-01	5.6401e-01	-1.5818e-02	
-2.0941e-02	-2.9006e-03	1.6604e-02	6.1848e-03	3.4397e-02	9.6693e-02	4.1353e-01	9.6754e-01	
9.8729e-03	-1.5411e-03	-6.2961e-03	-5.2690e-03	-3.5441e-03	2.1775e-03	6.3540e-02	8.6137e-01	